0,000000	0,654573	R
0,100000	0,554573	M
0,654573	1,047317	T
1,112774	2,304097	R
2,304097	3,940529	T
3,940529	5,590053	R
5,590053	6,702827	T
6,702827	7,566863	R
7,566863	8,587997	T
8,587997	9,033107	R
9,033107	9,635314	BV
9,635314	10,656447	R
10,656447	11,193197	M
10,656447	12,227423	C
11,896863	12,227423	M
12,227423	13,222373	R
13,222373	14,505336	BV
14,505336	16,282502	M
16,282502	18,367317	R
18,367317	19,768103	BV
19,768103	20,079025	M
20,079025	20,311398	R
20,311398	20,697596	M
20,697596	21,744913	R
21,744913	24,441754	BV
24,441754	28,752116	R
28,752116	29,468874	M
29,468874	30,319819	BV
30,319819	31,651875	M
31,651875	31,887521	R
31,887521	32,388269	M
32,388269	36,289524	R
36,289524	37,389206	BV
37,389206	40,766803	R
40,766803	48,386032	BV
48,386032	51,501799	R
51,501799	54,539017	BV
54,539017	55,625608	M
55,625608	62,760454	BV
62,760454	63,179380	R
63,179380	63,611398	BV
63,611398	64,331429	M
64,331429	68,769433	BV
68,769433	69,188360	R
69,188360	70,274951	BV
70,274951	71,296085	M
71,296085	73,207438	R
73,207438	74,228571	BV
74,228571	74,870053	M
74,870053	75,446077	R
75,446077	76,100650	M
76,100650	76,414845	R
76,414845	77,121784	M
77,121784	79,726984	BV
79,726984	83,929342	R
83,929342	84,518458	M
84,518458	92,569705	R